A:
 [[43.816177 37.645077 34.541206 ... 38.61751  28.405224 35.710136]
 [37.645077 34.15748  30.314692 ... 33.726624 24.827105 31.07306 ]
 [34.541206 30.314692 30.018711 ... 31.67182  23.481722 30.175114]
 ...
 [38.61751  33.726624 31.67182  ... 36.66574  25.63124  32.690186]
 [28.405224 24.827105 23.481722 ... 25.63124  19.394701 24.033764]
 [35.710136 31.07306  30.175114 ... 32.690186 24.033764 31.61532 ]]

Q:
 [[ 0.18882236 -0.4113655  -0.42459175 ... -0.01137874 -0.02833749
   0.02748289]
 [ 0.16222849  0.57201785 -0.28833753 ... -0.11054577 -0.01450857
   0.01560803]
 [ 0.1488526   0.00128475  0.43271606 ...  0.10540622 -0.04561084
  -0.21092402]
 ...
 [ 0.16641912 -0.0830261  -0.05196584 ...  0.79822261  0.0267968
  -0.00666263]
 [ 0.12241007 -0.05118136  0.01416463 ... -0.02317483  0.92675215
   0.03972728]
 [ 0.15389001 -0.13513053  0.21508721 ...  0.00310173 -0.05209221
   0.81958412]]

R:
 [[ 2.32049749e+02  2.03638851e+02  1.91596357e+02 ...  2.10639324e+02
   1.54944615e+02  1.96558608e+02]
 [ 0.00000000e+00  1.95876270e+00  4.03605481e-01 ... -4.78720623e-01
   2.70670138e-01 -3.17815181e-01]
 [ 0.00000000e+00  0.00000000e+00  3.46269029e+00 ...  2.05777679e+00
   1.35813493e+00  3.03443601e+00]
 ...
 [ 0.00000000e+00  0.00000000e+00  0.00000000e+00 ...  5.25429888e-01
  -2.18677548e-02  6.29748476e-03]
 [ 0.00000000e+00  0.00000000e+00  0.00000000e+00 ...  0.00000000e+00
   2.82733478e-01 -3.44376321e-02]
 [ 0.00000000e+00  0.00000000e+00  0.00000000e+00 ...  0.00000000e+00
   0.00000000e+00  3.24571967e-01]]
   
   #graphical representation of A
   
   
